1 1 15 3 0.000001
0.0000      0.0000
0.3307      0.3247
0.6615      0.6131
0.9922      0.8367
1.3230      0.9682
1.6537      0.9965
1.9844      0.9096
2.3152      0.7133
2.6459      0.4274
2.9767      0.0875
3.3074     -0.2581
3.6381     -0.5671
3.9689     -0.8015
4.2996     -0.9284
4.6303     -0.9386
4.9611     -0.8370
5.2918     -0.6428
5.6226     -0.3848
5.9533     -0.0872
6.2840      0.1906
3.1400     0.0016
0.0000    0.0000
0.3448    0.3379
0.6897    0.6367
1.0345    0.8594
1.3793    0.9825
1.7241    0.9395
2.0690    0.7811
2.4138    0.5228
2.7586    0.2391
3.1034   -0.0416
3.4483   -0.3186
3.7931   -0.5712
4.1379   -0.7826
4.4828   -0.9392
4.8276   -0.9995
5.1724   -0.9555
5.5172   -0.8149
5.8621   -0.5984
6.2069   -0.3367
6.5517   -0.0615
6.8966    0.2152
7.2414    0.4751
7.5862    0.7022
7.9310    0.8844
8.2759    0.9979
8.6207    0.9976
8.9655    0.8877
9.3103    0.6942
9.6552    0.4513
10.0000   0.1736
10.3448   -0.1204
10.6897   -0.4020
11.0345   -0.6484
11.3793   -0.8411
11.7241   -0.9688
12.0690   -0.9999
12.4138   -0.9274
12.7586   -0.7601
13.1034   -0.5190
13.4483   -0.2360
13.7931    0.0447
14.1379    0.3224
14.4828    0.5749
14.8276    0.7859
15.1724    0.9419
15.5172    0.9999
15.8621    0.9535
16.2069    0.8118
16.5517    0.5931
16.8966    0.3312

