1.01702
1.375
1.36603
0.99138
0.366025
-0.377737
-1
-1.36912
-1.35954
-0.99138
-0.342522
0.377737
1.01702
-1.40733
0.956174
0.680664
-1.38047
1.22777
-0.175562
-0.947195
0.965083
0.982686
-1.09752
-1.36283
-1.36912
1.36912
-1.40473
-1.40473
-1.40733
-1.41128
1.03374
1.03374
1.38047
1.35954
0.973921
0.342522
-0.401076
-1.01702
-1.375
-1.35266
-0.973921
-0.318917
0.401076
1.03374
-1.40951
0.938146
0.659284
-1.3902
1.20295
-0.127287
-0.982686
1
1.03374
-1.14198
-1.38047
-1.38554
1.38554
-1.41128
-1.41128
-1.41264
1.05015
1.38554
1.35266
0.956174
0.318917
-0.424297
-1.03374
-1.38047
-1.34537
-0.956174
-0.295219
0.424297
1.05015
-1.41128
0.919842
0.637709
-1.39829
1.17672
-0.0788627
-1.01702
1.03374
1.08205
-1.18341
-1.39445
-1.39829
1.39829
-1.4141
-1.4141
-1.4142
-1.41316
1.12749
1.06626
1.3902
1.34537
0.938146
0.295219
-0.447393
-1.05015
-1.38554
-1.33769
-0.938146
-0.271433
0.447393
1.06626
-1.41264
0.901267
0.615947
-1.40473
1.1491
-0.0303452
-1.05015
1.06626
1.12749
-1.2217
-1.40473
-1.40733
1.40733
-1.41316
-1.41316
-1.41201
-1.40847
1.08205
1.39445
1.33769
0.919842
0.271433
-0.470357
-1.06626
-1.3902
-1.32962
-0.919842
-0.247568
0.470357
1.08205
-1.41358
0.882425
0.594003
-1.40951
1.12012
0.018208
-1.08205
1.09752
1.16994
-1.25675
-1.41128
-1.41264
1.41264
-1.40847
-1.40847
-1.40608
-1.40005
1.20929
1.09752
1.39829
1.32962
0.901267
0.247568
-0.493183
-1.08205
-1.39445
-1.32115
-0.901267
-0.223629
0.493183
1.09752
-1.4141
0.863324
0.571884
-1.41264
1.08983
0.0667398
-1.11267
1.12749
1.20929
-1.28847
-1.4141
-1.4142
1.4142
-1.40005
-1.40005
-1.39642
-1.38792
1.11267
1.40172
1.32115
0.882425
0.223629
-0.515863
-1.09752
-1.39829
-1.31229
-0.882425
-0.199625
0.515863
1.11267
-1.4142
0.843969
0.549596
-1.4141
1.05824
0.115193
-1.14198
1.15613
1.24543
-1.31677
-1.41316
-1.41201
1.41201
-1.38792
-1.38792
-1.38306
-1.37211
1.27827
1.12749
1.40473
1.31229
0.863324
0.199625
-0.538391
-1.11267
-1.40172
-1.30305
-0.863324
-0.175562
0.538391
1.12749
-1.41389
0.824364
0.527146
-1.41389
1.02542
0.16351
-1.16994
1.18341
1.27827
-1.34158
-1.40847
-1.40608
1.40608
-1.37211
-1.37211
-1.36603
-1.35266
1.30772
1.14198
1.40733
1.30305
0.843969
0.175562
-0.560761
-1.12749
-1.40473
-1.29343
-0.843969
-0.151447
0.560761
1.14198
-1.41316
0.804517
0.504542
-1.41201
0.99138
0.211635
-1.19653
1.20929
1.30772
-1.36283
-1.40005
-1.39642
1.39642
-1.35266
-1.35266
-1.34537
-1.32962
1.15613
1.40951
1.29343
0.824364
0.151447
-0.582965
-1.14198
-1.40733
-1.28342
-0.824364
-0.127287
0.582965
1.15613
-1.41201
0.784433
0.481788
-1.40847
0.956174
0.25951
-1.2217
1.23375
1.3337
-1.38047
-1.38792
-1.38306
1.38306
-1.32962
-1.32962
-1.32115
-1.30305
1.35615
1.16994
1.41128
1.28342
0.804517
0.127287
-0.604997
-1.15613
-1.40951
-1.27303
-0.804517
-0.10309
0.604997
1.16994
-1.41045
0.764117
0.458892
-1.40327
0.919842
0.307079
-1.24543
1.25675
1.35615
-1.39445
-1.37211
-1.36603
1.36603
-1.30305
-1.30305
-1.29343
-1.27303
1.18341
1.41264
1.27303
0.784433
0.10309
-0.626851
-1.16994
-1.41128
-1.26227
-0.784433
-0.0788627
0.626851
1.18341
-1.40847
0.743577
0.435861
-1.39642
0.882425
0.354287
-1.2677
1.27827
1.375
-1.40473
-1.35266
-1.34537
1.34537
-1.27303
-1.27303
-1.26227
-1.23964
1.3902
1.01707
1.37549
1.37114
1.00429
0.381678
-0.364065
-0.991356
-1.36655
-1.36173
-0.995687
-0.346393
0.375814
1.01707
0.559417
-1.37827
-1.41405
0.969426
1.24884
-0.20318
-0.685033
-1.22828
-1.24016
0.565001
-0.00304307
-0.0273859
0.185095
-1.37407
-1.37407
-1.3681
-1.35496
-1.39774
1.03383
1.38095
1.36497
0.987006
0.358181
-0.387534
-1.00857
-1.37261
-1.35496
-0.978252
-0.322739
0.399226
1.03383
0.581692
-1.38352
-1.41348
0.933409
1.22525
-0.154885
-0.64204
-1.25168
-1.2736
0.497326
-0.0760401
-0.100337
0.257221
-1.35496
-1.35496
1.05029
1.38599
1.3584
0.969426
0.334578
-0.410889
-1.02549
-1.37827
-1.34779
-0.960528
-0.298991
0.42252
1.05029
0.603794
-1.38836
-1.41248
0.896285
1.20022
-0.106407
-0.598285
-1.2736
-1.30363
0.428325
-0.148834
-0.17302
0.328662
-1.33225
-1.33225
-1.32388
-1.30598
-1.3681
1.06643
1.39062
1.35143
0.951558
0.310876
-0.434121
-1.0421
-1.38352
-1.34022
-0.942518
-0.275153
0.445689
1.06643
0.625718
-1.39279
-1.41107
0.858099
1.17376
-0.0578022
-0.553822
-1.294
-1.33019
0.358181
-0.221232
-0.245243
0.399226
-1.30598
-1.30598
-1.29645
-1.27623
1.08226
1.39485
1.34405
0.933409
0.287083
-0.457225
-1.0584
-1.38836
-1.33225
-0.92423
-0.251234
0.468726
1.08226
0.647456
-1.3968
-1.40924
0.818897
1.14591
-0.00912915
-0.508702
-1.31288
-1.35321
0.287083
-0.293039
-0.316811
0.468726
-1.27623
-1.27623
-1.26555
-1.24308
-1.32388
1.09777
1.39865
1.33628
0.914983
0.263203
-0.480193
-1.07439
-1.39279
-1.32388
-0.905667
-0.227241
0.491624
1.09777
0.669003
-1.4004
-1.40699
0.778723
1.1167
0.0395548
-0.46298
-1.33019
-1.37261
0.215219
-0.364065
-0.387534
0.536976
-1.24308
-1.24308
-1.23128
-1.20661
1.11296
1.40205
1.32811
0.896285
0.239246
-0.503019
-1.09006
-1.3968
-1.31513
-0.886837
-0.20318
0.514376
1.11296
0.690351
-1.40359
-1.40432
0.737627
1.08617
0.0881918
-0.416708
-1.34593
-1.38836
0.142781
-0.434121
-0.457225
0.603794
-1.20661
-1.20661
-1.19373
-1.16692
-1.26555
1.12781
1.40503
1.31955
0.877322
0.215219
-0.525696
-1.10541
-1.4004
-1.30598
-0.867743
-0.179059
0.536976
1.12781
0.711495
-1.40636
-1.40124
0.695656
1.05435
0.136724
-0.369943
-1.36008
-1.4004
0.0699621
-0.503019
-0.525696
0.669003
-1.16692
-1.16692
-1.153
-1.12413
-1.23128
1.14233
1.40759
1.3106
0.858099
0.191127
-0.548217
-1.12043
-1.40359
-1.29645
-0.848392
-0.154885
0.559417
1.14233
0.732427
-1.40871
-1.39774
0.652861
1.02128
0.185095
-0.322739
-1.37261
-1.40871
-0.00304307
-0.570575
-0.592765
0.732427
-1.12413
-1.12413
-1.10919
-1.07834
1.15651
1.40973
1.30126
0.838622
0.166978
-0.570575
-1.13511
-1.40636
-1.28653
-0.82879
-0.130665
0.581692
1.15651
0.753143
-1.41065
-1.39383
0.609292
0.987006
0.233246
-0.275153
-1.38352
-1.41327
-0.0760401
-0.636611
-0.658254
0.793899
-1.07834
-1.07834
-1.06243
-1.02967
-1.153
1.17035
1.41146
1.29154
0.818897
0.142781
-0.592765
-1.14946
-1.40871
-1.27623
-0.808942
-0.106407
0.603794
1.17035
0.773636
-1.41217
-1.3895
0.565001
0.951558
0.28112
-0.227241
-1.39279
-1.41405
-0.148834
-0.700949
-0.721988
0.853254
-1.02967
-1.02967
-1.01283
-0.978252
1.18384
1.41277
1.28143
0.798928
0.11854
-0.614779
-1.16348
-1.41065
-1.26555
-0.788855
-0.0821167
0.625718
1.18384
0.793899
-1.41327
-1.38477
0.520041
0.914983
0.328662
-0.179059
-1.4004
-1.41107
-0.221232
-0.763418
-0.783796
0.910333
-0.978252
-0.978252
-0.960528
-0.92423
-1.06243
1.01707
1.37549
1.37114
1.00429
0.381678
-0.364065
-0.991356
-1.36655
-1.36173
-0.995687
-0.346393
0.375814
1.01707
0.559417
-1.37827
-1.41405
0.969426
1.24884
-0.20318
-0.685033
-1.22828
-1.24016
0.565001
-0.00304307
-0.0273859
0.209201
-1.3681
-1.3681
-1.36173
-1.34779
-1.39383
1.03383
1.38095
1.36497
0.987006
0.358181
-0.387534
-1.00857
-1.37261
-1.35496
-0.978252
-0.322739
0.399226
1.03383
0.581692
-1.38352
-1.41348
0.933409
1.22525
-0.154885
-0.64204
-1.25168
-1.2736
0.497326
-0.0760401
-0.100337
0.28112
-1.34779
-1.34779
1.05029
1.38599
1.3584
0.969426
0.334578
-0.410889
-1.02549
-1.37827
-1.34779
-0.960528
-0.298991
0.42252
1.05029
0.603794
-1.38836
-1.41248
0.896285
1.20022
-0.106407
-0.598285
-1.2736
-1.30363
0.428325
-0.148834
-0.17302
0.35229
-1.32388
-1.32388
-1.31513
-1.29645
-1.36173
1.06643
1.39062
1.35143
0.951558
0.310876
-0.434121
-1.0421
-1.38352
-1.34022
-0.942518
-0.275153
0.445689
1.06643
0.625718
-1.39279
-1.41107
0.858099
1.17376
-0.0578022
-0.553822
-1.294
-1.33019
0.358181
-0.221232
-0.245243
0.42252
-1.29645
-1.29645
-1.28653
-1.26555
1.08226
1.39485
1.34405
0.933409
0.287083
-0.457225
-1.0584
-1.38836
-1.33225
-0.92423
-0.251234
0.468726
1.08226
0.647456
-1.3968
-1.40924
0.818897
1.14591
-0.00912915
-0.508702
-1.31288
-1.35321
0.287083
-0.293039
-0.316811
0.491624
-1.26555
-1.26555
-1.2545
-1.23128
-1.31513
1.09777
1.39865
1.33628
0.914983
0.263203
-0.480193
-1.07439
-1.39279
-1.32388
-0.905667
-0.227241
0.491624
1.09777
0.669003
-1.4004
-1.40699
0.778723
1.1167
0.0395548
-0.46298
-1.33019
-1.37261
0.215219
-0.364065
-0.387534
0.559417
-1.23128
-1.23128
-1.21913
-1.19373
1.11296
1.40205
1.32811
0.896285
0.239246
-0.503019
-1.09006
-1.3968
-1.31513
-0.886837
-0.20318
0.514376
1.11296
0.690351
-1.40359
-1.40432
0.737627
1.08617
0.0881918
-0.416708
-1.34593
-1.38836
0.142781
-0.434121
-0.457225
0.625718
-1.19373
-1.19373
-1.1805
-1.153
-1.2545
1.12781
1.40503
1.31955
0.877322
0.215219
-0.525696
-1.10541
-1.4004
-1.30598
-0.867743
-0.179059
0.536976
1.12781
0.711495
-1.40636
-1.40124
0.695656
1.05435
0.136724
-0.369943
-1.36008
-1.4004
0.0699621
-0.503019
-0.525696
0.690351
-1.153
-1.153
-1.13873
-1.10919
-1.21913
1.14233
1.40759
1.3106
0.858099
0.191127
-0.548217
-1.12043
-1.40359
-1.29645
-0.848392
-0.154885
0.559417
1.14233
0.732427
-1.40871
-1.39774
0.652861
1.02128
0.185095
-0.322739
-1.37261
-1.40871
-0.00304307
-0.570575
-0.592765
0.753143
-1.10919
-1.10919
-1.09393
-1.06243
1.15651
1.40973
1.30126
0.838622
0.166978
-0.570575
-1.13511
-1.40636
-1.28653
-0.82879
-0.130665
0.581692
1.15651
0.753143
-1.41065
-1.39383
0.609292
0.987006
0.233246
-0.275153
-1.38352
-1.41327
-0.0760401
-0.636611
-0.658254
0.813927
-1.06243
-1.06243
-1.0462
-1.01283
-1.13873
1.17035
1.41146
1.29154
0.818897
0.142781
-0.592765
-1.14946
-1.40871
-1.27623
-0.808942
-0.106407
0.603794
1.17035
0.773636
-1.41217
-1.3895
0.565001
0.951558
0.28112
-0.227241
-1.39279
-1.41405
-0.148834
-0.700949
-0.721988
0.872541
-1.01283
-1.01283
-0.995687
-0.960528
1.18384
1.41277
1.28143
0.798928
0.11854
-0.614779
-1.16348
-1.41065
-1.26555
-0.788855
-0.0821167
0.625718
1.18384
0.793899
-1.41327
-1.38477
0.520041
0.914983
0.328662
-0.179059
-1.4004
-1.41107
-0.221232
-0.763418
-0.783796
0.928828
-0.960528
-0.960528
-0.942518
-0.905667
-1.0462
1.01707
1.37549
1.37114
1.00429
0.381678
-0.364065
-0.991356
-1.36655
-1.36173
-0.995687
-0.346393
0.375814
1.01707
0.559417
-1.37827
-1.41405
0.969426
1.24884
-0.20318
-0.685033
-1.22828
-1.24016
0.565001
-0.00304307
-0.0273859
0.233246
-1.36173
-1.36173
-1.35496
-1.34022
-1.3895
1.03383
1.38095
1.36497
0.987006
0.358181
-0.387534
-1.00857
-1.37261
-1.35496
-0.978252
-0.322739
0.399226
1.03383
0.581692
-1.38352
-1.41348
0.933409
1.22525
-0.154885
-0.64204
-1.25168
-1.2736
0.497326
-0.0760401
-0.100337
0.304936
-1.34022
-1.34022
1.05029
1.38599
1.3584
0.969426
0.334578
-0.410889
-1.02549
-1.37827
-1.34779
-0.960528
-0.298991
0.42252
1.05029
0.603794
-1.38836
-1.41248
0.896285
1.20022
-0.106407
-0.598285
-1.2736
-1.30363
0.428325
-0.148834
-0.17302
0.375814
-1.31513
-1.31513
-1.30598
-1.28653
-1.35496
1.06643
1.39062
1.35143
0.951558
0.310876
-0.434121
-1.0421
-1.38352
-1.34022
-0.942518
-0.275153
0.445689
1.06643
0.625718
-1.39279
-1.41107
0.858099
1.17376
-0.0578022
-0.553822
-1.294
-1.33019
0.358181
-0.221232
-0.245243
0.445689
-1.28653
-1.28653
-1.27623
-1.2545
1.08226
1.39485
1.34405
0.933409
0.287083
-0.457225
-1.0584
-1.38836
-1.33225
-0.92423
-0.251234
0.468726
1.08226
0.647456
-1.3968
-1.40924
0.818897
1.14591
-0.00912915
-0.508702
-1.31288
-1.35321
0.287083
-0.293039
-0.316811
0.514376
-1.2545
-1.2545
-1.24308
-1.21913
-1.30598
1.09777
1.39865
1.33628
0.914983
0.263203
-0.480193
-1.07439
-1.39279
-1.32388
-0.905667
-0.227241
0.491624
1.09777
0.669003
-1.4004
-1.40699
0.778723
1.1167
0.0395548
-0.46298
-1.33019
-1.37261
0.215219
-0.364065
-0.387534
0.581692
-1.21913
-1.21913
-1.20661
-1.1805
1.11296
1.40205
1.32811
0.896285
0.239246
-0.503019
-1.09006
-1.3968
-1.31513
-0.886837
-0.20318
0.514376
1.11296
0.690351
-1.40359
-1.40432
0.737627
1.08617
0.0881918
-0.416708
-1.34593
-1.38836
0.142781
-0.434121
-0.457225
0.647456
-1.1805
-1.1805
-1.16692
-1.13873
-1.24308
1.12781
1.40503
1.31955
0.877322
0.215219
-0.525696
-1.10541
-1.4004
-1.30598
-0.867743
-0.179059
0.536976
1.12781
0.711495
-1.40636
-1.40124
0.695656
1.05435
0.136724
-0.369943
-1.36008
-1.4004
0.0699621
-0.503019
-0.525696
0.711495
-1.13873
-1.13873
-1.12413
-1.09393
-1.20661
1.14233
1.40759
1.3106
0.858099
0.191127
-0.548217
-1.12043
-1.40359
-1.29645
-0.848392
-0.154885
0.559417
1.14233
0.732427
-1.40871
-1.39774
0.652861
1.02128
0.185095
-0.322739
-1.37261
-1.40871
-0.00304307
-0.570575
-0.592765
0.773636
-1.09393
-1.09393
-1.07834
-1.0462
1.15651
1.40973
1.30126
0.838622
0.166978
-0.570575
-1.13511
-1.40636
-1.28653
-0.82879
-0.130665
0.581692
1.15651
0.753143
-1.41065
-1.39383
0.609292
0.987006
0.233246
-0.275153
-1.38352
-1.41327
-0.0760401
-0.636611
-0.658254
0.833714
-1.0462
-1.0462
-1.02967
-0.995687
-1.12413
1.17035
1.41146
1.29154
0.818897
0.142781
-0.592765
-1.14946
-1.40871
-1.27623
-0.808942
-0.106407
0.603794
1.17035
0.773636
-1.41217
-1.3895
0.565001
0.951558
0.28112
-0.227241
-1.39279
-1.41405
-0.148834
-0.700949
-0.721988
0.891569
-0.995687
-0.995687
-0.978252
-0.942518
1.18384
1.41277
1.28143
0.798928
0.11854
-0.614779
-1.16348
-1.41065
-1.26555
-0.788855
-0.0821167
0.625718
1.18384
0.793899
-1.41327
-1.38477
0.520041
0.914983
0.328662
-0.179059
-1.4004
-1.41107
-0.221232
-0.763418
-0.783796
0.947047
-0.942518
-0.942518
-0.92423
-0.886837
-1.02967
